"gameSize","mission","deployment"
"3150","Onslaught","Dawn Of War"
